-10.00 0.169429 
-9.50 0.155259 
-9.00 0.141713 
-8.50 0.128790 
-8.00 0.116490 
-7.50 0.104813 
-7.00 0.093760 
-6.50 0.083330 
-6.00 0.073523 
-5.50 0.064339 
-5.00 0.055779 
-4.50 0.047842 
-4.00 0.040528 
-3.50 0.033837 
-3.00 0.027770 
-2.50 0.022326 
-2.00 0.017505 
-1.50 0.013307 
-1.00 0.009733 
-0.50 0.006782 
0.00 0.004454 
0.50 0.002749 
1.00 0.001668 
1.50 0.001210 
2.00 0.001375 
2.50 0.002163 
3.00 0.003575 
3.50 0.005610 
4.00 0.008268 
4.50 0.011549 
5.00 0.015454 
5.50 0.019982 
6.00 0.025133 
6.50 0.030907 
7.00 0.037305 
7.50 0.044326 
8.00 0.051970 
8.50 0.060237 
9.00 0.069128 
9.50 0.078642 
10.00 0.088779 
10.50 0.099539 
11.00 0.110923 
11.50 0.122930 
12.00 0.135560 
12.50 0.148813 
13.00 0.162690 
13.50 0.177190 
14.00 0.192313 
14.50 0.208059 
15.00 0.224429 
