-10.00 0.169429 
-9.99 0.169139 
-9.98 0.168850 
-9.97 0.168561 
-9.96 0.168272 
-9.95 0.167984 
-9.94 0.167696 
-9.93 0.167408 
-9.92 0.167120 
-9.91 0.166832 
-9.90 0.166545 
-9.89 0.166258 
-9.88 0.165971 
-9.87 0.165685 
-9.86 0.165399 
-9.85 0.165113 
-9.84 0.164827 
-9.83 0.164541 
-9.82 0.164256 
-9.81 0.163971 
-9.80 0.163686 
-9.79 0.163402 
-9.78 0.163118 
-9.77 0.162834 
-9.76 0.162550 
-9.75 0.162266 
-9.74 0.161983 
-9.73 0.161700 
-9.72 0.161417 
-9.71 0.161135 
-9.70 0.160852 
-9.69 0.160570 
-9.68 0.160289 
-9.67 0.160007 
-9.66 0.159726 
-9.65 0.159445 
-9.64 0.159164 
-9.63 0.158884 
-9.62 0.158603 
-9.61 0.158323 
-9.60 0.158043 
-9.59 0.157764 
-9.58 0.157485 
-9.57 0.157206 
-9.56 0.156927 
-9.55 0.156648 
-9.54 0.156370 
-9.53 0.156092 
-9.52 0.155814 
-9.51 0.155537 
-9.50 0.155259 
-9.49 0.154982 
-9.48 0.154706 
-9.47 0.154429 
-9.46 0.154153 
-9.45 0.153877 
-9.44 0.153601 
-9.43 0.153325 
-9.42 0.153050 
-9.41 0.152775 
-9.40 0.152500 
-9.39 0.152226 
-9.38 0.151951 
-9.37 0.151677 
-9.36 0.151404 
-9.35 0.151130 
-9.34 0.150857 
-9.33 0.150584 
-9.32 0.150311 
-9.31 0.150038 
-9.30 0.149766 
-9.29 0.149494 
-9.28 0.149222 
-9.27 0.148951 
-9.26 0.148679 
-9.25 0.148408 
-9.24 0.148137 
-9.23 0.147867 
-9.22 0.147597 
-9.21 0.147327 
-9.20 0.147057 
-9.19 0.146787 
-9.18 0.146518 
-9.17 0.146249 
-9.16 0.145980 
-9.15 0.145711 
-9.14 0.145443 
-9.13 0.145175 
-9.12 0.144907 
-9.11 0.144640 
-9.10 0.144372 
-9.09 0.144105 
-9.08 0.143839 
-9.07 0.143572 
-9.06 0.143306 
-9.05 0.143040 
-9.04 0.142774 
-9.03 0.142508 
-9.02 0.142243 
-9.01 0.141978 
-9.00 0.141713 
-8.99 0.141448 
-8.98 0.141184 
-8.97 0.140920 
-8.96 0.140656 
-8.95 0.140393 
-8.94 0.140129 
-8.93 0.139866 
-8.92 0.139603 
-8.91 0.139341 
-8.90 0.139079 
-8.89 0.138816 
-8.88 0.138555 
-8.87 0.138293 
-8.86 0.138032 
-8.85 0.137771 
-8.84 0.137510 
-8.83 0.137249 
-8.82 0.136989 
-8.81 0.136729 
-8.80 0.136469 
-8.79 0.136209 
-8.78 0.135950 
-8.77 0.135691 
-8.76 0.135432 
-8.75 0.135174 
-8.74 0.134915 
-8.73 0.134657 
-8.72 0.134399 
-8.71 0.134142 
-8.70 0.133884 
-8.69 0.133627 
-8.68 0.133370 
-8.67 0.133114 
-8.66 0.132857 
-8.65 0.132601 
-8.64 0.132346 
-8.63 0.132090 
-8.62 0.131835 
-8.61 0.131579 
-8.60 0.131325 
-8.59 0.131070 
-8.58 0.130816 
-8.57 0.130562 
-8.56 0.130308 
-8.55 0.130054 
-8.54 0.129801 
-8.53 0.129548 
-8.52 0.129295 
-8.51 0.129042 
-8.50 0.128790 
-8.49 0.128538 
-8.48 0.128286 
-8.47 0.128034 
-8.46 0.127783 
-8.45 0.127532 
-8.44 0.127281 
-8.43 0.127030 
-8.42 0.126780 
-8.41 0.126530 
-8.40 0.126280 
-8.39 0.126030 
-8.38 0.125781 
-8.37 0.125532 
-8.36 0.125283 
-8.35 0.125034 
-8.34 0.124786 
-8.33 0.124538 
-8.32 0.124290 
-8.31 0.124043 
-8.30 0.123795 
-8.29 0.123548 
-8.28 0.123301 
-8.27 0.123055 
-8.26 0.122808 
-8.25 0.122562 
-8.24 0.122316 
-8.23 0.122071 
-8.22 0.121825 
-8.21 0.121580 
-8.20 0.121335 
-8.19 0.121091 
-8.18 0.120846 
-8.17 0.120602 
-8.16 0.120358 
-8.15 0.120115 
-8.14 0.119871 
-8.13 0.119628 
-8.12 0.119385 
-8.11 0.119142 
-8.10 0.118900 
-8.09 0.118658 
-8.08 0.118416 
-8.07 0.118174 
-8.06 0.117933 
-8.05 0.117692 
-8.04 0.117451 
-8.03 0.117210 
-8.02 0.116970 
-8.01 0.116730 
-8.00 0.116490 
-7.99 0.116250 
-7.98 0.116011 
-7.97 0.115772 
-7.96 0.115533 
-7.95 0.115294 
-7.94 0.115056 
-7.93 0.114818 
-7.92 0.114580 
-7.91 0.114342 
-7.90 0.114105 
-7.89 0.113868 
-7.88 0.113631 
-7.87 0.113394 
-7.86 0.113158 
-7.85 0.112922 
-7.84 0.112686 
-7.83 0.112450 
-7.82 0.112215 
-7.81 0.111979 
-7.80 0.111745 
-7.79 0.111510 
-7.78 0.111276 
-7.77 0.111041 
-7.76 0.110807 
-7.75 0.110574 
-7.74 0.110340 
-7.73 0.110107 
-7.72 0.109874 
-7.71 0.109642 
-7.70 0.109409 
-7.69 0.109177 
-7.68 0.108945 
-7.67 0.108713 
-7.66 0.108482 
-7.65 0.108251 
-7.64 0.108020 
-7.63 0.107789 
-7.62 0.107559 
-7.61 0.107329 
-7.60 0.107099 
-7.59 0.106869 
-7.58 0.106640 
-7.57 0.106411 
-7.56 0.106182 
-7.55 0.105953 
-7.54 0.105725 
-7.53 0.105496 
-7.52 0.105268 
-7.51 0.105041 
-7.50 0.104813 
-7.49 0.104586 
-7.48 0.104359 
-7.47 0.104133 
-7.46 0.103906 
-7.45 0.103680 
-7.44 0.103454 
-7.43 0.103228 
-7.42 0.103003 
-7.41 0.102778 
-7.40 0.102553 
-7.39 0.102328 
-7.38 0.102104 
-7.37 0.101880 
-7.36 0.101656 
-7.35 0.101432 
-7.34 0.101208 
-7.33 0.100985 
-7.32 0.100762 
-7.31 0.100540 
-7.30 0.100317 
-7.29 0.100095 
-7.28 0.099873 
-7.27 0.099651 
-7.26 0.099430 
-7.25 0.099209 
-7.24 0.098988 
-7.23 0.098767 
-7.22 0.098547 
-7.21 0.098327 
-7.20 0.098107 
-7.19 0.097887 
-7.18 0.097667 
-7.17 0.097448 
-7.16 0.097229 
-7.15 0.097011 
-7.14 0.096792 
-7.13 0.096574 
-7.12 0.096356 
-7.11 0.096138 
-7.10 0.095921 
-7.09 0.095704 
-7.08 0.095487 
-7.07 0.095270 
-7.06 0.095053 
-7.05 0.094837 
-7.04 0.094621 
-7.03 0.094406 
-7.02 0.094190 
-7.01 0.093975 
-7.00 0.093760 
-6.99 0.093545 
-6.98 0.093331 
-6.97 0.093117 
-6.96 0.092903 
-6.95 0.092689 
-6.94 0.092475 
-6.93 0.092262 
-6.92 0.092049 
-6.91 0.091837 
-6.90 0.091624 
-6.89 0.091412 
-6.88 0.091200 
-6.87 0.090988 
-6.86 0.090777 
-6.85 0.090566 
-6.84 0.090355 
-6.83 0.090144 
-6.82 0.089933 
-6.81 0.089723 
-6.80 0.089513 
-6.79 0.089303 
-6.78 0.089094 
-6.77 0.088885 
-6.76 0.088676 
-6.75 0.088467 
-6.74 0.088259 
-6.73 0.088050 
-6.72 0.087842 
-6.71 0.087635 
-6.70 0.087427 
-6.69 0.087220 
-6.68 0.087013 
-6.67 0.086806 
-6.66 0.086600 
-6.65 0.086393 
-6.64 0.086187 
-6.63 0.085982 
-6.62 0.085776 
-6.61 0.085571 
-6.60 0.085366 
-6.59 0.085161 
-6.58 0.084957 
-6.57 0.084753 
-6.56 0.084549 
-6.55 0.084345 
-6.54 0.084141 
-6.53 0.083938 
-6.52 0.083735 
-6.51 0.083532 
-6.50 0.083330 
-6.49 0.083128 
-6.48 0.082926 
-6.47 0.082724 
-6.46 0.082522 
-6.45 0.082321 
-6.44 0.082120 
-6.43 0.081919 
-6.42 0.081719 
-6.41 0.081519 
-6.40 0.081319 
-6.39 0.081119 
-6.38 0.080919 
-6.37 0.080720 
-6.36 0.080521 
-6.35 0.080322 
-6.34 0.080124 
-6.33 0.079926 
-6.32 0.079728 
-6.31 0.079530 
-6.30 0.079332 
-6.29 0.079135 
-6.28 0.078938 
-6.27 0.078741 
-6.26 0.078545 
-6.25 0.078349 
-6.24 0.078153 
-6.23 0.077957 
-6.22 0.077761 
-6.21 0.077566 
-6.20 0.077371 
-6.19 0.077176 
-6.18 0.076982 
-6.17 0.076787 
-6.16 0.076593 
-6.15 0.076400 
-6.14 0.076206 
-6.13 0.076013 
-6.12 0.075820 
-6.11 0.075627 
-6.10 0.075435 
-6.09 0.075242 
-6.08 0.075050 
-6.07 0.074858 
-6.06 0.074667 
-6.05 0.074476 
-6.04 0.074285 
-6.03 0.074094 
-6.02 0.073903 
-6.01 0.073713 
-6.00 0.073523 
-5.99 0.073333 
-5.98 0.073144 
-5.97 0.072954 
-5.96 0.072765 
-5.95 0.072577 
-5.94 0.072388 
-5.93 0.072200 
-5.92 0.072012 
-5.91 0.071824 
-5.90 0.071636 
-5.89 0.071449 
-5.88 0.071262 
-5.87 0.071075 
-5.86 0.070889 
-5.85 0.070702 
-5.84 0.070516 
-5.83 0.070331 
-5.82 0.070145 
-5.81 0.069960 
-5.80 0.069775 
-5.79 0.069590 
-5.78 0.069405 
-5.77 0.069221 
-5.76 0.069037 
-5.75 0.068853 
-5.74 0.068670 
-5.73 0.068486 
-5.72 0.068303 
-5.71 0.068121 
-5.70 0.067938 
-5.69 0.067756 
-5.68 0.067574 
-5.67 0.067392 
-5.66 0.067210 
-5.65 0.067029 
-5.64 0.066848 
-5.63 0.066667 
-5.62 0.066487 
-5.61 0.066306 
-5.60 0.066126 
-5.59 0.065946 
-5.58 0.065767 
-5.57 0.065588 
-5.56 0.065409 
-5.55 0.065230 
-5.54 0.065051 
-5.53 0.064873 
-5.52 0.064695 
-5.51 0.064517 
-5.50 0.064339 
-5.49 0.064162 
-5.48 0.063985 
-5.47 0.063808 
-5.46 0.063632 
-5.45 0.063455 
-5.44 0.063279 
-5.43 0.063103 
-5.42 0.062928 
-5.41 0.062753 
-5.40 0.062577 
-5.39 0.062403 
-5.38 0.062228 
-5.37 0.062054 
-5.36 0.061880 
-5.35 0.061706 
-5.34 0.061532 
-5.33 0.061359 
-5.32 0.061186 
-5.31 0.061013 
-5.30 0.060840 
-5.29 0.060668 
-5.28 0.060496 
-5.27 0.060324 
-5.26 0.060153 
-5.25 0.059981 
-5.24 0.059810 
-5.23 0.059639 
-5.22 0.059469 
-5.21 0.059298 
-5.20 0.059128 
-5.19 0.058959 
-5.18 0.058789 
-5.17 0.058620 
-5.16 0.058451 
-5.15 0.058282 
-5.14 0.058113 
-5.13 0.057945 
-5.12 0.057777 
-5.11 0.057609 
-5.10 0.057441 
-5.09 0.057274 
-5.08 0.057107 
-5.07 0.056940 
-5.06 0.056773 
-5.05 0.056607 
-5.04 0.056441 
-5.03 0.056275 
-5.02 0.056109 
-5.01 0.055944 
-5.00 0.055779 
-4.99 0.055614 
-4.98 0.055450 
-4.97 0.055285 
-4.96 0.055121 
-4.95 0.054957 
-4.94 0.054794 
-4.93 0.054630 
-4.92 0.054467 
-4.91 0.054304 
-4.90 0.054142 
-4.89 0.053979 
-4.88 0.053817 
-4.87 0.053655 
-4.86 0.053494 
-4.85 0.053332 
-4.84 0.053171 
-4.83 0.053010 
-4.82 0.052850 
-4.81 0.052689 
-4.80 0.052529 
-4.79 0.052369 
-4.78 0.052210 
-4.77 0.052051 
-4.76 0.051891 
-4.75 0.051733 
-4.74 0.051574 
-4.73 0.051416 
-4.72 0.051257 
-4.71 0.051100 
-4.70 0.050942 
-4.69 0.050785 
-4.68 0.050627 
-4.67 0.050471 
-4.66 0.050314 
-4.65 0.050158 
-4.64 0.050001 
-4.63 0.049846 
-4.62 0.049690 
-4.61 0.049535 
-4.60 0.049379 
-4.59 0.049225 
-4.58 0.049070 
-4.57 0.048916 
-4.56 0.048761 
-4.55 0.048608 
-4.54 0.048454 
-4.53 0.048301 
-4.52 0.048147 
-4.51 0.047995 
-4.50 0.047842 
-4.49 0.047689 
-4.48 0.047537 
-4.47 0.047385 
-4.46 0.047234 
-4.45 0.047082 
-4.44 0.046931 
-4.43 0.046780 
-4.42 0.046630 
-4.41 0.046479 
-4.40 0.046329 
-4.39 0.046179 
-4.38 0.046030 
-4.37 0.045880 
-4.36 0.045731 
-4.35 0.045582 
-4.34 0.045434 
-4.33 0.045285 
-4.32 0.045137 
-4.31 0.044989 
-4.30 0.044842 
-4.29 0.044694 
-4.28 0.044547 
-4.27 0.044400 
-4.26 0.044253 
-4.25 0.044107 
-4.24 0.043961 
-4.23 0.043815 
-4.22 0.043669 
-4.21 0.043524 
-4.20 0.043379 
-4.19 0.043234 
-4.18 0.043089 
-4.17 0.042945 
-4.16 0.042801 
-4.15 0.042657 
-4.14 0.042513 
-4.13 0.042370 
-4.12 0.042226 
-4.11 0.042084 
-4.10 0.041941 
-4.09 0.041799 
-4.08 0.041656 
-4.07 0.041514 
-4.06 0.041373 
-4.05 0.041231 
-4.04 0.041090 
-4.03 0.040949 
-4.02 0.040809 
-4.01 0.040668 
-4.00 0.040528 
-3.99 0.040388 
-3.98 0.040248 
-3.97 0.040109 
-3.96 0.039970 
-3.95 0.039831 
-3.94 0.039692 
-3.93 0.039554 
-3.92 0.039416 
-3.91 0.039278 
-3.90 0.039140 
-3.89 0.039003 
-3.88 0.038865 
-3.87 0.038728 
-3.86 0.038592 
-3.85 0.038455 
-3.84 0.038319 
-3.83 0.038183 
-3.82 0.038048 
-3.81 0.037912 
-3.80 0.037777 
-3.79 0.037642 
-3.78 0.037507 
-3.77 0.037373 
-3.76 0.037239 
-3.75 0.037105 
-3.74 0.036971 
-3.73 0.036838 
-3.72 0.036704 
-3.71 0.036572 
-3.70 0.036439 
-3.69 0.036306 
-3.68 0.036174 
-3.67 0.036042 
-3.66 0.035911 
-3.65 0.035779 
-3.64 0.035648 
-3.63 0.035517 
-3.62 0.035386 
-3.61 0.035256 
-3.60 0.035126 
-3.59 0.034996 
-3.58 0.034866 
-3.57 0.034737 
-3.56 0.034607 
-3.55 0.034478 
-3.54 0.034350 
-3.53 0.034221 
-3.52 0.034093 
-3.51 0.033965 
-3.50 0.033837 
-3.49 0.033710 
-3.48 0.033583 
-3.47 0.033456 
-3.46 0.033329 
-3.45 0.033203 
-3.44 0.033076 
-3.43 0.032950 
-3.42 0.032825 
-3.41 0.032699 
-3.40 0.032574 
-3.39 0.032449 
-3.38 0.032324 
-3.37 0.032200 
-3.36 0.032076 
-3.35 0.031952 
-3.34 0.031828 
-3.33 0.031705 
-3.32 0.031581 
-3.31 0.031458 
-3.30 0.031336 
-3.29 0.031213 
-3.28 0.031091 
-3.27 0.030969 
-3.26 0.030847 
-3.25 0.030726 
-3.24 0.030605 
-3.23 0.030484 
-3.22 0.030363 
-3.21 0.030242 
-3.20 0.030122 
-3.19 0.030002 
-3.18 0.029882 
-3.17 0.029763 
-3.16 0.029644 
-3.15 0.029525 
-3.14 0.029406 
-3.13 0.029288 
-3.12 0.029169 
-3.11 0.029051 
-3.10 0.028934 
-3.09 0.028816 
-3.08 0.028699 
-3.07 0.028582 
-3.06 0.028465 
-3.05 0.028349 
-3.04 0.028232 
-3.03 0.028116 
-3.02 0.028001 
-3.01 0.027885 
-3.00 0.027770 
-2.99 0.027655 
-2.98 0.027540 
-2.97 0.027426 
-2.96 0.027312 
-2.95 0.027198 
-2.94 0.027084 
-2.93 0.026970 
-2.92 0.026857 
-2.91 0.026744 
-2.90 0.026631 
-2.89 0.026519 
-2.88 0.026407 
-2.87 0.026295 
-2.86 0.026183 
-2.85 0.026071 
-2.84 0.025960 
-2.83 0.025849 
-2.82 0.025738 
-2.81 0.025628 
-2.80 0.025518 
-2.79 0.025408 
-2.78 0.025298 
-2.77 0.025188 
-2.76 0.025079 
-2.75 0.024970 
-2.74 0.024861 
-2.73 0.024753 
-2.72 0.024645 
-2.71 0.024536 
-2.70 0.024429 
-2.69 0.024321 
-2.68 0.024214 
-2.67 0.024107 
-2.66 0.024000 
-2.65 0.023894 
-2.64 0.023787 
-2.63 0.023681 
-2.62 0.023576 
-2.61 0.023470 
-2.60 0.023365 
-2.59 0.023260 
-2.58 0.023155 
-2.57 0.023051 
-2.56 0.022946 
-2.55 0.022842 
-2.54 0.022738 
-2.53 0.022635 
-2.52 0.022532 
-2.51 0.022429 
-2.50 0.022326 
-2.49 0.022223 
-2.48 0.022121 
-2.47 0.022019 
-2.46 0.021917 
-2.45 0.021816 
-2.44 0.021714 
-2.43 0.021613 
-2.42 0.021513 
-2.41 0.021412 
-2.40 0.021312 
-2.39 0.021212 
-2.38 0.021112 
-2.37 0.021012 
-2.36 0.020913 
-2.35 0.020814 
-2.34 0.020715 
-2.33 0.020617 
-2.32 0.020519 
-2.31 0.020421 
-2.30 0.020323 
-2.29 0.020225 
-2.28 0.020128 
-2.27 0.020031 
-2.26 0.019934 
-2.25 0.019838 
-2.24 0.019741 
-2.23 0.019645 
-2.22 0.019549 
-2.21 0.019454 
-2.20 0.019359 
-2.19 0.019264 
-2.18 0.019169 
-2.17 0.019074 
-2.16 0.018980 
-2.15 0.018886 
-2.14 0.018792 
-2.13 0.018698 
-2.12 0.018605 
-2.11 0.018512 
-2.10 0.018419 
-2.09 0.018327 
-2.08 0.018234 
-2.07 0.018142 
-2.06 0.018051 
-2.05 0.017959 
-2.04 0.017868 
-2.03 0.017777 
-2.02 0.017686 
-2.01 0.017595 
-2.00 0.017505 
-1.99 0.017415 
-1.98 0.017325 
-1.97 0.017236 
-1.96 0.017146 
-1.95 0.017057 
-1.94 0.016968 
-1.93 0.016880 
-1.92 0.016791 
-1.91 0.016703 
-1.90 0.016616 
-1.89 0.016528 
-1.88 0.016441 
-1.87 0.016354 
-1.86 0.016267 
-1.85 0.016180 
-1.84 0.016094 
-1.83 0.016008 
-1.82 0.015922 
-1.81 0.015836 
-1.80 0.015751 
-1.79 0.015666 
-1.78 0.015581 
-1.77 0.015497 
-1.76 0.015412 
-1.75 0.015328 
-1.74 0.015244 
-1.73 0.015161 
-1.72 0.015078 
-1.71 0.014994 
-1.70 0.014912 
-1.69 0.014829 
-1.68 0.014747 
-1.67 0.014665 
-1.66 0.014583 
-1.65 0.014501 
-1.64 0.014420 
-1.63 0.014339 
-1.62 0.014258 
-1.61 0.014177 
-1.60 0.014097 
-1.59 0.014017 
-1.58 0.013937 
-1.57 0.013858 
-1.56 0.013778 
-1.55 0.013699 
-1.54 0.013620 
-1.53 0.013542 
-1.52 0.013463 
-1.51 0.013385 
-1.50 0.013307 
-1.49 0.013230 
-1.48 0.013152 
-1.47 0.013075 
-1.46 0.012998 
-1.45 0.012922 
-1.44 0.012846 
-1.43 0.012769 
-1.42 0.012694 
-1.41 0.012618 
-1.40 0.012543 
-1.39 0.012468 
-1.38 0.012393 
-1.37 0.012318 
-1.36 0.012244 
-1.35 0.012170 
-1.34 0.012096 
-1.33 0.012022 
-1.32 0.011949 
-1.31 0.011876 
-1.30 0.011803 
-1.29 0.011730 
-1.28 0.011658 
-1.27 0.011586 
-1.26 0.011514 
-1.25 0.011442 
-1.24 0.011371 
-1.23 0.011300 
-1.22 0.011229 
-1.21 0.011158 
-1.20 0.011088 
-1.19 0.011018 
-1.18 0.010948 
-1.17 0.010878 
-1.16 0.010809 
-1.15 0.010740 
-1.14 0.010671 
-1.13 0.010602 
-1.12 0.010534 
-1.11 0.010466 
-1.10 0.010398 
-1.09 0.010330 
-1.08 0.010263 
-1.07 0.010196 
-1.06 0.010129 
-1.05 0.010062 
-1.04 0.009996 
-1.03 0.009930 
-1.02 0.009864 
-1.01 0.009798 
-1.00 0.009733 
-0.99 0.009668 
-0.98 0.009603 
-0.97 0.009538 
-0.96 0.009474 
-0.95 0.009410 
-0.94 0.009346 
-0.93 0.009282 
-0.92 0.009219 
-0.91 0.009156 
-0.90 0.009093 
-0.89 0.009030 
-0.88 0.008968 
-0.87 0.008906 
-0.86 0.008844 
-0.85 0.008782 
-0.84 0.008721 
-0.83 0.008660 
-0.82 0.008599 
-0.81 0.008538 
-0.80 0.008478 
-0.79 0.008418 
-0.78 0.008358 
-0.77 0.008298 
-0.76 0.008239 
-0.75 0.008180 
-0.74 0.008121 
-0.73 0.008062 
-0.72 0.008004 
-0.71 0.007945 
-0.70 0.007888 
-0.69 0.007830 
-0.68 0.007772 
-0.67 0.007715 
-0.66 0.007658 
-0.65 0.007602 
-0.64 0.007545 
-0.63 0.007489 
-0.62 0.007433 
-0.61 0.007378 
-0.60 0.007322 
-0.59 0.007267 
-0.58 0.007212 
-0.57 0.007158 
-0.56 0.007103 
-0.55 0.007049 
-0.54 0.006995 
-0.53 0.006941 
-0.52 0.006888 
-0.51 0.006835 
-0.50 0.006782 
-0.49 0.006729 
-0.48 0.006677 
-0.47 0.006625 
-0.46 0.006573 
-0.45 0.006521 
-0.44 0.006470 
-0.43 0.006418 
-0.42 0.006368 
-0.41 0.006317 
-0.40 0.006266 
-0.39 0.006216 
-0.38 0.006166 
-0.37 0.006117 
-0.36 0.006067 
-0.35 0.006018 
-0.34 0.005969 
-0.33 0.005920 
-0.32 0.005872 
-0.31 0.005824 
-0.30 0.005776 
-0.29 0.005728 
-0.28 0.005681 
-0.27 0.005634 
-0.26 0.005587 
-0.25 0.005540 
-0.24 0.005494 
-0.23 0.005447 
-0.22 0.005401 
-0.21 0.005356 
-0.20 0.005310 
-0.19 0.005265 
-0.18 0.005220 
-0.17 0.005176 
-0.16 0.005131 
-0.15 0.005087 
-0.14 0.005043 
-0.13 0.004999 
-0.12 0.004956 
-0.11 0.004913 
-0.10 0.004870 
-0.09 0.004827 
-0.08 0.004785 
-0.07 0.004742 
-0.06 0.004700 
-0.05 0.004659 
-0.04 0.004617 
-0.03 0.004576 
-0.02 0.004535 
-0.01 0.004494 
0.00 0.004454 
0.01 0.004414 
0.02 0.004374 
0.03 0.004334 
0.04 0.004295 
0.05 0.004255 
0.06 0.004217 
0.07 0.004178 
0.08 0.004139 
0.09 0.004101 
0.10 0.004063 
0.11 0.004026 
0.12 0.003988 
0.13 0.003951 
0.14 0.003914 
0.15 0.003877 
0.16 0.003841 
0.17 0.003804 
0.18 0.003769 
0.19 0.003733 
0.20 0.003697 
0.21 0.003662 
0.22 0.003627 
0.23 0.003592 
0.24 0.003558 
0.25 0.003524 
0.26 0.003490 
0.27 0.003456 
0.28 0.003423 
0.29 0.003389 
0.30 0.003356 
0.31 0.003324 
0.32 0.003291 
0.33 0.003259 
0.34 0.003227 
0.35 0.003195 
0.36 0.003164 
0.37 0.003133 
0.38 0.003102 
0.39 0.003071 
0.40 0.003040 
0.41 0.003010 
0.42 0.002980 
0.43 0.002951 
0.44 0.002921 
0.45 0.002892 
0.46 0.002863 
0.47 0.002834 
0.48 0.002806 
0.49 0.002777 
0.50 0.002749 
0.51 0.002722 
0.52 0.002694 
0.53 0.002667 
0.54 0.002640 
0.55 0.002613 
0.56 0.002587 
0.57 0.002560 
0.58 0.002534 
0.59 0.002509 
0.60 0.002483 
0.61 0.002458 
0.62 0.002433 
0.63 0.002408 
0.64 0.002384 
0.65 0.002360 
0.66 0.002336 
0.67 0.002312 
0.68 0.002288 
0.69 0.002265 
0.70 0.002242 
0.71 0.002219 
0.72 0.002197 
0.73 0.002175 
0.74 0.002153 
0.75 0.002131 
0.76 0.002109 
0.77 0.002088 
0.78 0.002067 
0.79 0.002046 
0.80 0.002026 
0.81 0.002006 
0.82 0.001985 
0.83 0.001966 
0.84 0.001946 
0.85 0.001927 
0.86 0.001908 
0.87 0.001889 
0.88 0.001871 
0.89 0.001852 
0.90 0.001834 
0.91 0.001817 
0.92 0.001799 
0.93 0.001782 
0.94 0.001765 
0.95 0.001748 
0.96 0.001732 
0.97 0.001715 
0.98 0.001699 
0.99 0.001684 
1.00 0.001668 
1.01 0.001653 
1.02 0.001638 
1.03 0.001623 
1.04 0.001608 
1.05 0.001594 
1.06 0.001580 
1.07 0.001566 
1.08 0.001553 
1.09 0.001540 
1.10 0.001527 
1.11 0.001514 
1.12 0.001501 
1.13 0.001489 
1.14 0.001477 
1.15 0.001465 
1.16 0.001454 
1.17 0.001442 
1.18 0.001431 
1.19 0.001420 
1.20 0.001410 
1.21 0.001400 
1.22 0.001390 
1.23 0.001380 
1.24 0.001370 
1.25 0.001361 
1.26 0.001352 
1.27 0.001343 
1.28 0.001335 
1.29 0.001326 
1.30 0.001318 
1.31 0.001311 
1.32 0.001303 
1.33 0.001296 
1.34 0.001289 
1.35 0.001282 
1.36 0.001275 
1.37 0.001269 
1.38 0.001263 
1.39 0.001257 
1.40 0.001252 
1.41 0.001246 
1.42 0.001241 
1.43 0.001236 
1.44 0.001232 
1.45 0.001228 
1.46 0.001224 
1.47 0.001220 
1.48 0.001216 
1.49 0.001213 
1.50 0.001210 
1.51 0.001207 
1.52 0.001205 
1.53 0.001202 
1.54 0.001200 
1.55 0.001198 
1.56 0.001197 
1.57 0.001195 
1.58 0.001194 
1.59 0.001194 
1.60 0.001193 
1.61 0.001193 
1.62 0.001193 
1.63 0.001193 
1.64 0.001193 
1.65 0.001194 
1.66 0.001195 
1.67 0.001196 
1.68 0.001198 
1.69 0.001199 
1.70 0.001201 
1.71 0.001203 
1.72 0.001206 
1.73 0.001208 
1.74 0.001211 
1.75 0.001215 
1.76 0.001218 
1.77 0.001222 
1.78 0.001226 
1.79 0.001230 
1.80 0.001234 
1.81 0.001239 
1.82 0.001244 
1.83 0.001249 
1.84 0.001254 
1.85 0.001260 
1.86 0.001266 
1.87 0.001272 
1.88 0.001279 
1.89 0.001285 
1.90 0.001292 
1.91 0.001299 
1.92 0.001307 
1.93 0.001314 
1.94 0.001322 
1.95 0.001330 
1.96 0.001339 
1.97 0.001348 
1.98 0.001356 
1.99 0.001366 
2.00 0.001375 
2.01 0.001385 
2.02 0.001395 
2.03 0.001405 
2.04 0.001415 
2.05 0.001426 
2.06 0.001437 
2.07 0.001448 
2.08 0.001459 
2.09 0.001471 
2.10 0.001483 
2.11 0.001495 
2.12 0.001507 
2.13 0.001520 
2.14 0.001533 
2.15 0.001546 
2.16 0.001559 
2.17 0.001573 
2.18 0.001587 
2.19 0.001601 
2.20 0.001616 
2.21 0.001630 
2.22 0.001645 
2.23 0.001660 
2.24 0.001676 
2.25 0.001691 
2.26 0.001707 
2.27 0.001723 
2.28 0.001740 
2.29 0.001756 
2.30 0.001773 
2.31 0.001790 
2.32 0.001808 
2.33 0.001825 
2.34 0.001843 
2.35 0.001861 
2.36 0.001880 
2.37 0.001898 
2.38 0.001917 
2.39 0.001936 
2.40 0.001956 
2.41 0.001975 
2.42 0.001995 
2.43 0.002015 
2.44 0.002036 
2.45 0.002056 
2.46 0.002077 
2.47 0.002098 
2.48 0.002120 
2.49 0.002141 
2.50 0.002163 
2.51 0.002185 
2.52 0.002208 
2.53 0.002230 
2.54 0.002253 
2.55 0.002276 
2.56 0.002300 
2.57 0.002323 
2.58 0.002347 
2.59 0.002371 
2.60 0.002396 
2.61 0.002420 
2.62 0.002445 
2.63 0.002470 
2.64 0.002496 
2.65 0.002521 
2.66 0.002547 
2.67 0.002573 
2.68 0.002600 
2.69 0.002626 
2.70 0.002653 
2.71 0.002680 
2.72 0.002708 
2.73 0.002735 
2.74 0.002763 
2.75 0.002791 
2.76 0.002820 
2.77 0.002848 
2.78 0.002877 
2.79 0.002906 
2.80 0.002936 
2.81 0.002965 
2.82 0.002995 
2.83 0.003025 
2.84 0.003055 
2.85 0.003086 
2.86 0.003117 
2.87 0.003148 
2.88 0.003179 
2.89 0.003211 
2.90 0.003243 
2.91 0.003275 
2.92 0.003307 
2.93 0.003340 
2.94 0.003373 
2.95 0.003406 
2.96 0.003439 
2.97 0.003473 
2.98 0.003507 
2.99 0.003541 
3.00 0.003575 
3.01 0.003610 
3.02 0.003644 
3.03 0.003680 
3.04 0.003715 
3.05 0.003750 
3.06 0.003786 
3.07 0.003822 
3.08 0.003859 
3.09 0.003895 
3.10 0.003932 
3.11 0.003969 
3.12 0.004007 
3.13 0.004044 
3.14 0.004082 
3.15 0.004120 
3.16 0.004158 
3.17 0.004197 
3.18 0.004236 
3.19 0.004275 
3.20 0.004314 
3.21 0.004354 
3.22 0.004394 
3.23 0.004434 
3.24 0.004474 
3.25 0.004515 
3.26 0.004555 
3.27 0.004596 
3.28 0.004638 
3.29 0.004679 
3.30 0.004721 
3.31 0.004763 
3.32 0.004806 
3.33 0.004848 
3.34 0.004891 
3.35 0.004934 
3.36 0.004977 
3.37 0.005021 
3.38 0.005065 
3.39 0.005109 
3.40 0.005153 
3.41 0.005198 
3.42 0.005242 
3.43 0.005287 
3.44 0.005333 
3.45 0.005378 
3.46 0.005424 
3.47 0.005470 
3.48 0.005517 
3.49 0.005563 
3.50 0.005610 
3.51 0.005657 
3.52 0.005704 
3.53 0.005752 
3.54 0.005800 
3.55 0.005848 
3.56 0.005896 
3.57 0.005944 
3.58 0.005993 
3.59 0.006042 
3.60 0.006092 
3.61 0.006141 
3.62 0.006191 
3.63 0.006241 
3.64 0.006291 
3.65 0.006342 
3.66 0.006393 
3.67 0.006444 
3.68 0.006495 
3.69 0.006547 
3.70 0.006598 
3.71 0.006650 
3.72 0.006703 
3.73 0.006755 
3.74 0.006808 
3.75 0.006861 
3.76 0.006914 
3.77 0.006968 
3.78 0.007022 
3.79 0.007076 
3.80 0.007130 
3.81 0.007184 
3.82 0.007239 
3.83 0.007294 
3.84 0.007350 
3.85 0.007405 
3.86 0.007461 
3.87 0.007517 
3.88 0.007573 
3.89 0.007630 
3.90 0.007687 
3.91 0.007744 
3.92 0.007801 
3.93 0.007858 
3.94 0.007916 
3.95 0.007974 
3.96 0.008032 
3.97 0.008091 
3.98 0.008150 
3.99 0.008209 
4.00 0.008268 
4.01 0.008328 
4.02 0.008387 
4.03 0.008447 
4.04 0.008508 
4.05 0.008568 
4.06 0.008629 
4.07 0.008690 
4.08 0.008751 
4.09 0.008813 
4.10 0.008874 
4.11 0.008936 
4.12 0.008999 
4.13 0.009061 
4.14 0.009124 
4.15 0.009187 
4.16 0.009250 
4.17 0.009314 
4.18 0.009377 
4.19 0.009442 
4.20 0.009506 
4.21 0.009570 
4.22 0.009635 
4.23 0.009700 
4.24 0.009765 
4.25 0.009831 
4.26 0.009897 
4.27 0.009963 
4.28 0.010029 
4.29 0.010095 
4.30 0.010162 
4.31 0.010229 
4.32 0.010296 
4.33 0.010364 
4.34 0.010432 
4.35 0.010500 
4.36 0.010568 
4.37 0.010636 
4.38 0.010705 
4.39 0.010774 
4.40 0.010843 
4.41 0.010913 
4.42 0.010982 
4.43 0.011052 
4.44 0.011123 
4.45 0.011193 
4.46 0.011264 
4.47 0.011335 
4.48 0.011406 
4.49 0.011478 
4.50 0.011549 
4.51 0.011621 
4.52 0.011694 
4.53 0.011766 
4.54 0.011839 
4.55 0.011912 
4.56 0.011985 
4.57 0.012059 
4.58 0.012132 
4.59 0.012206 
4.60 0.012280 
4.61 0.012355 
4.62 0.012430 
4.63 0.012505 
4.64 0.012580 
4.65 0.012655 
4.66 0.012731 
4.67 0.012807 
4.68 0.012883 
4.69 0.012960 
4.70 0.013036 
4.71 0.013113 
4.72 0.013191 
4.73 0.013268 
4.74 0.013346 
4.75 0.013424 
4.76 0.013502 
4.77 0.013580 
4.78 0.013659 
4.79 0.013738 
4.80 0.013817 
4.81 0.013897 
4.82 0.013977 
4.83 0.014056 
4.84 0.014137 
4.85 0.014217 
4.86 0.014298 
4.87 0.014379 
4.88 0.014460 
4.89 0.014542 
4.90 0.014623 
4.91 0.014705 
4.92 0.014787 
4.93 0.014870 
4.94 0.014953 
4.95 0.015035 
4.96 0.015119 
4.97 0.015202 
4.98 0.015286 
4.99 0.015370 
5.00 0.015454 
5.01 0.015538 
5.02 0.015623 
5.03 0.015708 
5.04 0.015793 
5.05 0.015879 
5.06 0.015964 
5.07 0.016050 
5.08 0.016137 
5.09 0.016223 
5.10 0.016310 
5.11 0.016397 
5.12 0.016484 
5.13 0.016571 
5.14 0.016659 
5.15 0.016747 
5.16 0.016835 
5.17 0.016924 
5.18 0.017012 
5.19 0.017101 
5.20 0.017190 
5.21 0.017280 
5.22 0.017369 
5.23 0.017459 
5.24 0.017550 
5.25 0.017640 
5.26 0.017731 
5.27 0.017822 
5.28 0.017913 
5.29 0.018004 
5.30 0.018096 
5.31 0.018188 
5.32 0.018280 
5.33 0.018372 
5.34 0.018465 
5.35 0.018558 
5.36 0.018651 
5.37 0.018745 
5.38 0.018838 
5.39 0.018932 
5.40 0.019026 
5.41 0.019121 
5.42 0.019216 
5.43 0.019310 
5.44 0.019406 
5.45 0.019501 
5.46 0.019597 
5.47 0.019693 
5.48 0.019789 
5.49 0.019885 
5.50 0.019982 
5.51 0.020079 
5.52 0.020176 
5.53 0.020273 
5.54 0.020371 
5.55 0.020469 
5.56 0.020567 
5.57 0.020666 
5.58 0.020764 
5.59 0.020863 
5.60 0.020962 
5.61 0.021062 
5.62 0.021161 
5.63 0.021261 
5.64 0.021361 
5.65 0.021462 
5.66 0.021562 
5.67 0.021663 
5.68 0.021764 
5.69 0.021866 
5.70 0.021968 
5.71 0.022069 
5.72 0.022172 
5.73 0.022274 
5.74 0.022377 
5.75 0.022480 
5.76 0.022583 
5.77 0.022686 
5.78 0.022790 
5.79 0.022894 
5.80 0.022998 
5.81 0.023102 
5.82 0.023207 
5.83 0.023312 
5.84 0.023417 
5.85 0.023522 
5.86 0.023628 
5.87 0.023734 
5.88 0.023840 
5.89 0.023946 
5.90 0.024053 
5.91 0.024160 
5.92 0.024267 
5.93 0.024374 
5.94 0.024482 
5.95 0.024590 
5.96 0.024698 
5.97 0.024806 
5.98 0.024915 
5.99 0.025024 
6.00 0.025133 
6.01 0.025242 
6.02 0.025352 
6.03 0.025462 
6.04 0.025572 
6.05 0.025682 
6.06 0.025793 
6.07 0.025904 
6.08 0.026015 
6.09 0.026126 
6.10 0.026238 
6.11 0.026350 
6.12 0.026462 
6.13 0.026574 
6.14 0.026687 
6.15 0.026800 
6.16 0.026913 
6.17 0.027026 
6.18 0.027140 
6.19 0.027254 
6.20 0.027368 
6.21 0.027482 
6.22 0.027597 
6.23 0.027712 
6.24 0.027827 
6.25 0.027942 
6.26 0.028058 
6.27 0.028174 
6.28 0.028290 
6.29 0.028406 
6.30 0.028523 
6.31 0.028640 
6.32 0.028757 
6.33 0.028874 
6.34 0.028992 
6.35 0.029110 
6.36 0.029228 
6.37 0.029346 
6.38 0.029465 
6.39 0.029584 
6.40 0.029703 
6.41 0.029822 
6.42 0.029942 
6.43 0.030061 
6.44 0.030182 
6.45 0.030302 
6.46 0.030422 
6.47 0.030543 
6.48 0.030664 
6.49 0.030786 
6.50 0.030907 
6.51 0.031029 
6.52 0.031151 
6.53 0.031274 
6.54 0.031396 
6.55 0.031519 
6.56 0.031642 
6.57 0.031766 
6.58 0.031889 
6.59 0.032013 
6.60 0.032137 
6.61 0.032261 
6.62 0.032386 
6.63 0.032511 
6.64 0.032636 
6.65 0.032761 
6.66 0.032887 
6.67 0.033013 
6.68 0.033139 
6.69 0.033265 
6.70 0.033392 
6.71 0.033518 
6.72 0.033646 
6.73 0.033773 
6.74 0.033900 
6.75 0.034028 
6.76 0.034156 
6.77 0.034285 
6.78 0.034413 
6.79 0.034542 
6.80 0.034671 
6.81 0.034800 
6.82 0.034930 
6.83 0.035060 
6.84 0.035190 
6.85 0.035320 
6.86 0.035451 
6.87 0.035582 
6.88 0.035713 
6.89 0.035844 
6.90 0.035976 
6.91 0.036107 
6.92 0.036239 
6.93 0.036372 
6.94 0.036504 
6.95 0.036637 
6.96 0.036770 
6.97 0.036904 
6.98 0.037037 
6.99 0.037171 
7.00 0.037305 
7.01 0.037439 
7.02 0.037574 
7.03 0.037709 
7.04 0.037844 
7.05 0.037979 
7.06 0.038115 
7.07 0.038250 
7.08 0.038386 
7.09 0.038523 
7.10 0.038659 
7.11 0.038796 
7.12 0.038933 
7.13 0.039070 
7.14 0.039208 
7.15 0.039346 
7.16 0.039484 
7.17 0.039622 
7.18 0.039761 
7.19 0.039900 
7.20 0.040039 
7.21 0.040178 
7.22 0.040317 
7.23 0.040457 
7.24 0.040597 
7.25 0.040738 
7.26 0.040878 
7.27 0.041019 
7.28 0.041160 
7.29 0.041301 
7.30 0.041443 
7.31 0.041585 
7.32 0.041727 
7.33 0.041869 
7.34 0.042011 
7.35 0.042154 
7.36 0.042297 
7.37 0.042440 
7.38 0.042584 
7.39 0.042728 
7.40 0.042872 
7.41 0.043016 
7.42 0.043161 
7.43 0.043305 
7.44 0.043450 
7.45 0.043596 
7.46 0.043741 
7.47 0.043887 
7.48 0.044033 
7.49 0.044179 
7.50 0.044326 
7.51 0.044473 
7.52 0.044620 
7.53 0.044767 
7.54 0.044914 
7.55 0.045062 
7.56 0.045210 
7.57 0.045359 
7.58 0.045507 
7.59 0.045656 
7.60 0.045805 
7.61 0.045954 
7.62 0.046104 
7.63 0.046253 
7.64 0.046403 
7.65 0.046554 
7.66 0.046704 
7.67 0.046855 
7.68 0.047006 
7.69 0.047157 
7.70 0.047309 
7.71 0.047460 
7.72 0.047613 
7.73 0.047765 
7.74 0.047917 
7.75 0.048070 
7.76 0.048223 
7.77 0.048376 
7.78 0.048530 
7.79 0.048684 
7.80 0.048838 
7.81 0.048992 
7.82 0.049146 
7.83 0.049301 
7.84 0.049456 
7.85 0.049611 
7.86 0.049767 
7.87 0.049923 
7.88 0.050079 
7.89 0.050235 
7.90 0.050391 
7.91 0.050548 
7.92 0.050705 
7.93 0.050862 
7.94 0.051020 
7.95 0.051178 
7.96 0.051336 
7.97 0.051494 
7.98 0.051652 
7.99 0.051811 
8.00 0.051970 
8.01 0.052129 
8.02 0.052289 
8.03 0.052448 
8.04 0.052608 
8.05 0.052769 
8.06 0.052929 
8.07 0.053090 
8.08 0.053251 
8.09 0.053412 
8.10 0.053574 
8.11 0.053735 
8.12 0.053897 
8.13 0.054060 
8.14 0.054222 
8.15 0.054385 
8.16 0.054548 
8.17 0.054711 
8.18 0.054874 
8.19 0.055038 
8.20 0.055202 
8.21 0.055366 
8.22 0.055531 
8.23 0.055696 
8.24 0.055861 
8.25 0.056026 
8.26 0.056191 
8.27 0.056357 
8.28 0.056523 
8.29 0.056689 
8.30 0.056856 
8.31 0.057022 
8.32 0.057189 
8.33 0.057357 
8.34 0.057524 
8.35 0.057692 
8.36 0.057860 
8.37 0.058028 
8.38 0.058196 
8.39 0.058365 
8.40 0.058534 
8.41 0.058703 
8.42 0.058873 
8.43 0.059042 
8.44 0.059212 
8.45 0.059383 
8.46 0.059553 
8.47 0.059724 
8.48 0.059895 
8.49 0.060066 
8.50 0.060237 
8.51 0.060409 
8.52 0.060581 
8.53 0.060753 
8.54 0.060926 
8.55 0.061098 
8.56 0.061271 
8.57 0.061445 
8.58 0.061618 
8.59 0.061792 
8.60 0.061966 
8.61 0.062140 
8.62 0.062314 
8.63 0.062489 
8.64 0.062664 
8.65 0.062839 
8.66 0.063015 
8.67 0.063190 
8.68 0.063366 
8.69 0.063542 
8.70 0.063719 
8.71 0.063896 
8.72 0.064072 
8.73 0.064250 
8.74 0.064427 
8.75 0.064605 
8.76 0.064783 
8.77 0.064961 
8.78 0.065139 
8.79 0.065318 
8.80 0.065497 
8.81 0.065676 
8.82 0.065856 
8.83 0.066035 
8.84 0.066215 
8.85 0.066395 
8.86 0.066576 
8.87 0.066756 
8.88 0.066937 
8.89 0.067119 
8.90 0.067300 
8.91 0.067482 
8.92 0.067664 
8.93 0.067846 
8.94 0.068028 
8.95 0.068211 
8.96 0.068394 
8.97 0.068577 
8.98 0.068760 
8.99 0.068944 
9.00 0.069128 
9.01 0.069312 
9.02 0.069497 
9.03 0.069681 
9.04 0.069866 
9.05 0.070051 
9.06 0.070237 
9.07 0.070422 
9.08 0.070608 
9.09 0.070795 
9.10 0.070981 
9.11 0.071168 
9.12 0.071354 
9.13 0.071542 
9.14 0.071729 
9.15 0.071917 
9.16 0.072105 
9.17 0.072293 
9.18 0.072481 
9.19 0.072670 
9.20 0.072859 
9.21 0.073048 
9.22 0.073237 
9.23 0.073427 
9.24 0.073617 
9.25 0.073807 
9.26 0.073997 
9.27 0.074188 
9.28 0.074379 
9.29 0.074570 
9.30 0.074762 
9.31 0.074953 
9.32 0.075145 
9.33 0.075337 
9.34 0.075530 
9.35 0.075722 
9.36 0.075915 
9.37 0.076108 
9.38 0.076302 
9.39 0.076495 
9.40 0.076689 
9.41 0.076883 
9.42 0.077078 
9.43 0.077272 
9.44 0.077467 
9.45 0.077662 
9.46 0.077858 
9.47 0.078053 
9.48 0.078249 
9.49 0.078445 
9.50 0.078642 
9.51 0.078839 
9.52 0.079035 
9.53 0.079233 
9.54 0.079430 
9.55 0.079628 
9.56 0.079825 
9.57 0.080024 
9.58 0.080222 
9.59 0.080421 
9.60 0.080619 
9.61 0.080819 
9.62 0.081018 
9.63 0.081218 
9.64 0.081417 
9.65 0.081618 
9.66 0.081818 
9.67 0.082019 
9.68 0.082219 
9.69 0.082421 
9.70 0.082622 
9.71 0.082824 
9.72 0.083025 
9.73 0.083228 
9.74 0.083430 
9.75 0.083633 
9.76 0.083835 
9.77 0.084039 
9.78 0.084242 
9.79 0.084445 
9.80 0.084649 
9.81 0.084853 
9.82 0.085058 
9.83 0.085262 
9.84 0.085467 
9.85 0.085672 
9.86 0.085878 
9.87 0.086083 
9.88 0.086289 
9.89 0.086495 
9.90 0.086702 
9.91 0.086908 
9.92 0.087115 
9.93 0.087322 
9.94 0.087530 
9.95 0.087737 
9.96 0.087945 
9.97 0.088153 
9.98 0.088362 
9.99 0.088570 
10.00 0.088779 
10.01 0.088988 
10.02 0.089197 
10.03 0.089407 
10.04 0.089617 
10.05 0.089827 
10.06 0.090037 
10.07 0.090248 
10.08 0.090459 
10.09 0.090670 
10.10 0.090881 
10.11 0.091093 
10.12 0.091305 
10.13 0.091517 
10.14 0.091729 
10.15 0.091942 
10.16 0.092155 
10.17 0.092368 
10.18 0.092581 
10.19 0.092795 
10.20 0.093008 
10.21 0.093222 
10.22 0.093437 
10.23 0.093651 
10.24 0.093866 
10.25 0.094081 
10.26 0.094297 
10.27 0.094512 
10.28 0.094728 
10.29 0.094944 
10.30 0.095160 
10.31 0.095377 
10.32 0.095594 
10.33 0.095811 
10.34 0.096028 
10.35 0.096246 
10.36 0.096464 
10.37 0.096682 
10.38 0.096900 
10.39 0.097119 
10.40 0.097337 
10.41 0.097557 
10.42 0.097776 
10.43 0.097995 
10.44 0.098215 
10.45 0.098435 
10.46 0.098656 
10.47 0.098876 
10.48 0.099097 
10.49 0.099318 
10.50 0.099539 
10.51 0.099761 
10.52 0.099983 
10.53 0.100205 
10.54 0.100427 
10.55 0.100650 
10.56 0.100873 
10.57 0.101096 
10.58 0.101319 
10.59 0.101542 
10.60 0.101766 
10.61 0.101990 
10.62 0.102215 
10.63 0.102439 
10.64 0.102664 
10.65 0.102889 
10.66 0.103114 
10.67 0.103340 
10.68 0.103566 
10.69 0.103792 
10.70 0.104018 
10.71 0.104245 
10.72 0.104471 
10.73 0.104698 
10.74 0.104926 
10.75 0.105153 
10.76 0.105381 
10.77 0.105609 
10.78 0.105837 
10.79 0.106066 
10.80 0.106295 
10.81 0.106524 
10.82 0.106753 
10.83 0.106983 
10.84 0.107212 
10.85 0.107442 
10.86 0.107673 
10.87 0.107903 
10.88 0.108134 
10.89 0.108365 
10.90 0.108596 
10.91 0.108828 
10.92 0.109060 
10.93 0.109292 
10.94 0.109524 
10.95 0.109757 
10.96 0.109989 
10.97 0.110222 
10.98 0.110456 
10.99 0.110689 
11.00 0.110923 
11.01 0.111157 
11.02 0.111391 
11.03 0.111626 
11.04 0.111861 
11.05 0.112096 
11.06 0.112331 
11.07 0.112566 
11.08 0.112802 
11.09 0.113038 
11.10 0.113275 
11.11 0.113511 
11.12 0.113748 
11.13 0.113985 
11.14 0.114222 
11.15 0.114460 
11.16 0.114697 
11.17 0.114935 
11.18 0.115174 
11.19 0.115412 
11.20 0.115651 
11.21 0.115890 
11.22 0.116129 
11.23 0.116369 
11.24 0.116609 
11.25 0.116849 
11.26 0.117089 
11.27 0.117329 
11.28 0.117570 
11.29 0.117811 
11.30 0.118052 
11.31 0.118294 
11.32 0.118536 
11.33 0.118778 
11.34 0.119020 
11.35 0.119262 
11.36 0.119505 
11.37 0.119748 
11.38 0.119991 
11.39 0.120235 
11.40 0.120479 
11.41 0.120723 
11.42 0.120967 
11.43 0.121211 
11.44 0.121456 
11.45 0.121701 
11.46 0.121946 
11.47 0.122192 
11.48 0.122438 
11.49 0.122684 
11.50 0.122930 
11.51 0.123176 
11.52 0.123423 
11.53 0.123670 
11.54 0.123917 
11.55 0.124165 
11.56 0.124413 
11.57 0.124661 
11.58 0.124909 
11.59 0.125157 
11.60 0.125406 
11.61 0.125655 
11.62 0.125904 
11.63 0.126154 
11.64 0.126403 
11.65 0.126653 
11.66 0.126904 
11.67 0.127154 
11.68 0.127405 
11.69 0.127656 
11.70 0.127907 
11.71 0.128159 
11.72 0.128410 
11.73 0.128662 
11.74 0.128915 
11.75 0.129167 
11.76 0.129420 
11.77 0.129673 
11.78 0.129926 
11.79 0.130179 
11.80 0.130433 
11.81 0.130687 
11.82 0.130941 
11.83 0.131196 
11.84 0.131451 
11.85 0.131706 
11.86 0.131961 
11.87 0.132216 
11.88 0.132472 
11.89 0.132728 
11.90 0.132984 
11.91 0.133241 
11.92 0.133497 
11.93 0.133754 
11.94 0.134011 
11.95 0.134269 
11.96 0.134527 
11.97 0.134785 
11.98 0.135043 
11.99 0.135301 
12.00 0.135560 
12.01 0.135819 
12.02 0.136078 
12.03 0.136338 
12.04 0.136597 
12.05 0.136857 
12.06 0.137117 
12.07 0.137378 
12.08 0.137639 
12.09 0.137900 
12.10 0.138161 
12.11 0.138422 
12.12 0.138684 
12.13 0.138946 
12.14 0.139208 
12.15 0.139471 
12.16 0.139733 
12.17 0.139996 
12.18 0.140259 
12.19 0.140523 
12.20 0.140787 
12.21 0.141051 
12.22 0.141315 
12.23 0.141579 
12.24 0.141844 
12.25 0.142109 
12.26 0.142374 
12.27 0.142639 
12.28 0.142905 
12.29 0.143171 
12.30 0.143437 
12.31 0.143704 
12.32 0.143970 
12.33 0.144237 
12.34 0.144504 
12.35 0.144772 
12.36 0.145040 
12.37 0.145308 
12.38 0.145576 
12.39 0.145844 
12.40 0.146113 
12.41 0.146382 
12.42 0.146651 
12.43 0.146920 
12.44 0.147190 
12.45 0.147460 
12.46 0.147730 
12.47 0.148001 
12.48 0.148271 
12.49 0.148542 
12.50 0.148813 
12.51 0.149085 
12.52 0.149356 
12.53 0.149628 
12.54 0.149901 
12.55 0.150173 
12.56 0.150446 
12.57 0.150719 
12.58 0.150992 
12.59 0.151265 
12.60 0.151539 
12.61 0.151813 
12.62 0.152087 
12.63 0.152361 
12.64 0.152636 
12.65 0.152911 
12.66 0.153186 
12.67 0.153461 
12.68 0.153737 
12.69 0.154013 
12.70 0.154289 
12.71 0.154566 
12.72 0.154842 
12.73 0.155119 
12.74 0.155396 
12.75 0.155674 
12.76 0.155951 
12.77 0.156229 
12.78 0.156508 
12.79 0.156786 
12.80 0.157065 
12.81 0.157343 
12.82 0.157623 
12.83 0.157902 
12.84 0.158182 
12.85 0.158462 
12.86 0.158742 
12.87 0.159022 
12.88 0.159303 
12.89 0.159584 
12.90 0.159865 
12.91 0.160146 
12.92 0.160428 
12.93 0.160710 
12.94 0.160992 
12.95 0.161274 
12.96 0.161557 
12.97 0.161840 
12.98 0.162123 
12.99 0.162406 
13.00 0.162690 
13.01 0.162974 
13.02 0.163258 
13.03 0.163542 
13.04 0.163827 
13.05 0.164112 
13.06 0.164397 
13.07 0.164682 
13.08 0.164968 
13.09 0.165254 
13.10 0.165540 
13.11 0.165826 
13.12 0.166113 
13.13 0.166400 
13.14 0.166687 
13.15 0.166975 
13.16 0.167262 
13.17 0.167550 
13.18 0.167838 
13.19 0.168127 
13.20 0.168415 
13.21 0.168704 
13.22 0.168993 
13.23 0.169283 
13.24 0.169572 
13.25 0.169862 
13.26 0.170152 
13.27 0.170443 
13.28 0.170733 
13.29 0.171024 
13.30 0.171315 
13.31 0.171607 
13.32 0.171898 
13.33 0.172190 
13.34 0.172482 
13.35 0.172774 
13.36 0.173067 
13.37 0.173360 
13.38 0.173653 
13.39 0.173946 
13.40 0.174240 
13.41 0.174534 
13.42 0.174828 
13.43 0.175122 
13.44 0.175417 
13.45 0.175712 
13.46 0.176007 
13.47 0.176302 
13.48 0.176598 
13.49 0.176894 
13.50 0.177190 
13.51 0.177486 
13.52 0.177783 
13.53 0.178080 
13.54 0.178377 
13.55 0.178674 
13.56 0.178972 
13.57 0.179270 
13.58 0.179568 
13.59 0.179866 
13.60 0.180165 
13.61 0.180463 
13.62 0.180763 
13.63 0.181062 
13.64 0.181362 
13.65 0.181661 
13.66 0.181961 
13.67 0.182262 
13.68 0.182562 
13.69 0.182863 
13.70 0.183164 
13.71 0.183466 
13.72 0.183767 
13.73 0.184069 
13.74 0.184371 
13.75 0.184674 
13.76 0.184976 
13.77 0.185279 
13.78 0.185582 
13.79 0.185885 
13.80 0.186189 
13.81 0.186493 
13.82 0.186797 
13.83 0.187101 
13.84 0.187406 
13.85 0.187711 
13.86 0.188016 
13.87 0.188321 
13.88 0.188627 
13.89 0.188932 
13.90 0.189239 
13.91 0.189545 
13.92 0.189851 
13.93 0.190158 
13.94 0.190465 
13.95 0.190773 
13.96 0.191080 
13.97 0.191388 
13.98 0.191696 
13.99 0.192004 
14.00 0.192313 
14.01 0.192622 
14.02 0.192931 
14.03 0.193240 
14.04 0.193550 
14.05 0.193860 
14.06 0.194170 
14.07 0.194480 
14.08 0.194791 
14.09 0.195101 
14.10 0.195412 
14.11 0.195724 
14.12 0.196035 
14.13 0.196347 
14.14 0.196659 
14.15 0.196971 
14.16 0.197284 
14.17 0.197597 
14.18 0.197910 
14.19 0.198223 
14.20 0.198537 
14.21 0.198851 
14.22 0.199165 
14.23 0.199479 
14.24 0.199793 
14.25 0.200108 
14.26 0.200423 
14.27 0.200739 
14.28 0.201054 
14.29 0.201370 
14.30 0.201686 
14.31 0.202002 
14.32 0.202319 
14.33 0.202636 
14.34 0.202953 
14.35 0.203270 
14.36 0.203588 
14.37 0.203905 
14.38 0.204223 
14.39 0.204542 
14.40 0.204860 
14.41 0.205179 
14.42 0.205498 
14.43 0.205817 
14.44 0.206137 
14.45 0.206457 
14.46 0.206777 
14.47 0.207097 
14.48 0.207418 
14.49 0.207738 
14.50 0.208059 
14.51 0.208381 
14.52 0.208702 
14.53 0.209024 
14.54 0.209346 
14.55 0.209668 
14.56 0.209991 
14.57 0.210314 
14.58 0.210637 
14.59 0.210960 
14.60 0.211283 
14.61 0.211607 
14.62 0.211931 
14.63 0.212256 
14.64 0.212580 
14.65 0.212905 
14.66 0.213230 
14.67 0.213555 
14.68 0.213881 
14.69 0.214206 
14.70 0.214532 
14.71 0.214859 
14.72 0.215185 
14.73 0.215512 
14.74 0.215839 
14.75 0.216166 
14.76 0.216494 
14.77 0.216822 
14.78 0.217150 
14.79 0.217478 
14.80 0.217806 
14.81 0.218135 
14.82 0.218464 
14.83 0.218793 
14.84 0.219123 
14.85 0.219453 
14.86 0.219783 
14.87 0.220113 
14.88 0.220443 
14.89 0.220774 
14.90 0.221105 
14.91 0.221436 
14.92 0.221768 
14.93 0.222100 
14.94 0.222432 
14.95 0.222764 
14.96 0.223096 
14.97 0.223429 
14.98 0.223762 
14.99 0.224095 
15.00 0.224429 
