-4.00 0.486784 
-3.80 0.449925 
-3.60 0.414519 
-3.40 0.380569 
-3.20 0.348072 
-3.00 0.317031 
-2.80 0.287444 
-2.60 0.259312 
-2.40 0.232634 
-2.20 0.207411 
-2.00 0.183643 
-1.80 0.161329 
-1.60 0.140469 
-1.40 0.121065 
-1.20 0.103115 
-1.00 0.086619 
-0.80 0.071578 
-0.60 0.057992 
-0.40 0.045861 
-0.20 0.035184 
0.00 0.025961 
0.20 0.018193 
0.40 0.011880 
0.60 0.007021 
0.80 0.003617 
1.00 0.001668 
1.20 0.001173 
1.40 0.002133 
1.60 0.004547 
1.80 0.008416 
2.00 0.013740 
2.20 0.020518 
2.40 0.028751 
2.60 0.038438 
2.80 0.049580 
3.00 0.062177 
3.20 0.076228 
3.40 0.091734 
3.60 0.108695 
3.80 0.127110 
4.00 0.146979 
4.20 0.168304 
4.40 0.191082 
4.60 0.215316 
4.80 0.241004 
5.00 0.268147 
5.20 0.296744 
5.40 0.326796 
5.60 0.358302 
5.80 0.391263 
6.00 0.425679 
