-4.00 0.486784 
-3.99 0.484907 
-3.98 0.483033 
-3.97 0.481163 
-3.96 0.479296 
-3.95 0.477433 
-3.94 0.475574 
-3.93 0.473718 
-3.92 0.471866 
-3.91 0.470018 
-3.90 0.468173 
-3.89 0.466332 
-3.88 0.464494 
-3.87 0.462660 
-3.86 0.460830 
-3.85 0.459003 
-3.84 0.457180 
-3.83 0.455361 
-3.82 0.453545 
-3.81 0.451733 
-3.80 0.449925 
-3.79 0.448120 
-3.78 0.446319 
-3.77 0.444521 
-3.76 0.442727 
-3.75 0.440937 
-3.74 0.439150 
-3.73 0.437367 
-3.72 0.435588 
-3.71 0.433812 
-3.70 0.432040 
-3.69 0.430272 
-3.68 0.428507 
-3.67 0.426746 
-3.66 0.424988 
-3.65 0.423234 
-3.64 0.421484 
-3.63 0.419737 
-3.62 0.417994 
-3.61 0.416255 
-3.60 0.414519 
-3.59 0.412787 
-3.58 0.411059 
-3.57 0.409334 
-3.56 0.407613 
-3.55 0.405895 
-3.54 0.404181 
-3.53 0.402471 
-3.52 0.400764 
-3.51 0.399061 
-3.50 0.397362 
-3.49 0.395666 
-3.48 0.393974 
-3.47 0.392286 
-3.46 0.390601 
-3.45 0.388920 
-3.44 0.387242 
-3.43 0.385568 
-3.42 0.383898 
-3.41 0.382232 
-3.40 0.380569 
-3.39 0.378909 
-3.38 0.377254 
-3.37 0.375601 
-3.36 0.373953 
-3.35 0.372308 
-3.34 0.370667 
-3.33 0.369029 
-3.32 0.367396 
-3.31 0.365765 
-3.30 0.364139 
-3.29 0.362516 
-3.28 0.360896 
-3.27 0.359281 
-3.26 0.357669 
-3.25 0.356060 
-3.24 0.354455 
-3.23 0.352854 
-3.22 0.351257 
-3.21 0.349663 
-3.20 0.348072 
-3.19 0.346486 
-3.18 0.344903 
-3.17 0.343324 
-3.16 0.341748 
-3.15 0.340176 
-3.14 0.338607 
-3.13 0.337043 
-3.12 0.335481 
-3.11 0.333924 
-3.10 0.332370 
-3.09 0.330820 
-3.08 0.329273 
-3.07 0.327730 
-3.06 0.326191 
-3.05 0.324655 
-3.04 0.323123 
-3.03 0.321594 
-3.02 0.320070 
-3.01 0.318549 
-3.00 0.317031 
-2.99 0.315517 
-2.98 0.314007 
-2.97 0.312500 
-2.96 0.310997 
-2.95 0.309498 
-2.94 0.308002 
-2.93 0.306510 
-2.92 0.305022 
-2.91 0.303537 
-2.90 0.302056 
-2.89 0.300578 
-2.88 0.299104 
-2.87 0.297634 
-2.86 0.296167 
-2.85 0.294704 
-2.84 0.293245 
-2.83 0.291789 
-2.82 0.290337 
-2.81 0.288889 
-2.80 0.287444 
-2.79 0.286003 
-2.78 0.284565 
-2.77 0.283132 
-2.76 0.281701 
-2.75 0.280275 
-2.74 0.278852 
-2.73 0.277432 
-2.72 0.276017 
-2.71 0.274605 
-2.70 0.273196 
-2.69 0.271791 
-2.68 0.270390 
-2.67 0.268993 
-2.66 0.267599 
-2.65 0.266209 
-2.64 0.264822 
-2.63 0.263439 
-2.62 0.262060 
-2.61 0.260684 
-2.60 0.259312 
-2.59 0.257943 
-2.58 0.256579 
-2.57 0.255217 
-2.56 0.253860 
-2.55 0.252506 
-2.54 0.251156 
-2.53 0.249809 
-2.52 0.248466 
-2.51 0.247127 
-2.50 0.245791 
-2.49 0.244459 
-2.48 0.243131 
-2.47 0.241806 
-2.46 0.240485 
-2.45 0.239167 
-2.44 0.237853 
-2.43 0.236543 
-2.42 0.235236 
-2.41 0.233933 
-2.40 0.232634 
-2.39 0.231338 
-2.38 0.230046 
-2.37 0.228758 
-2.36 0.227473 
-2.35 0.226192 
-2.34 0.224914 
-2.33 0.223641 
-2.32 0.222370 
-2.31 0.221104 
-2.30 0.219841 
-2.29 0.218581 
-2.28 0.217326 
-2.27 0.216074 
-2.26 0.214825 
-2.25 0.213580 
-2.24 0.212339 
-2.23 0.211102 
-2.22 0.209868 
-2.21 0.208638 
-2.20 0.207411 
-2.19 0.206188 
-2.18 0.204969 
-2.17 0.203753 
-2.16 0.202541 
-2.15 0.201333 
-2.14 0.200128 
-2.13 0.198927 
-2.12 0.197729 
-2.11 0.196535 
-2.10 0.195345 
-2.09 0.194158 
-2.08 0.192975 
-2.07 0.191796 
-2.06 0.190620 
-2.05 0.189448 
-2.04 0.188280 
-2.03 0.187115 
-2.02 0.185954 
-2.01 0.184796 
-2.00 0.183643 
-1.99 0.182492 
-1.98 0.181346 
-1.97 0.180203 
-1.96 0.179063 
-1.95 0.177928 
-1.94 0.176796 
-1.93 0.175667 
-1.92 0.174543 
-1.91 0.173421 
-1.90 0.172304 
-1.89 0.171190 
-1.88 0.170080 
-1.87 0.168973 
-1.86 0.167870 
-1.85 0.166771 
-1.84 0.165675 
-1.83 0.164583 
-1.82 0.163495 
-1.81 0.162410 
-1.80 0.161329 
-1.79 0.160251 
-1.78 0.159177 
-1.77 0.158107 
-1.76 0.157041 
-1.75 0.155978 
-1.74 0.154918 
-1.73 0.153863 
-1.72 0.152810 
-1.71 0.151762 
-1.70 0.150717 
-1.69 0.149676 
-1.68 0.148639 
-1.67 0.147605 
-1.66 0.146575 
-1.65 0.145548 
-1.64 0.144525 
-1.63 0.143506 
-1.62 0.142490 
-1.61 0.141478 
-1.60 0.140469 
-1.59 0.139465 
-1.58 0.138464 
-1.57 0.137466 
-1.56 0.136472 
-1.55 0.135482 
-1.54 0.134495 
-1.53 0.133512 
-1.52 0.132533 
-1.51 0.131557 
-1.50 0.130585 
-1.49 0.129617 
-1.48 0.128652 
-1.47 0.127691 
-1.46 0.126733 
-1.45 0.125780 
-1.44 0.124829 
-1.43 0.123883 
-1.42 0.122940 
-1.41 0.122000 
-1.40 0.121065 
-1.39 0.120133 
-1.38 0.119204 
-1.37 0.118280 
-1.36 0.117358 
-1.35 0.116441 
-1.34 0.115527 
-1.33 0.114617 
-1.32 0.113710 
-1.31 0.112807 
-1.30 0.111908 
-1.29 0.111012 
-1.28 0.110120 
-1.27 0.109232 
-1.26 0.108347 
-1.25 0.107466 
-1.24 0.106588 
-1.23 0.105715 
-1.22 0.104844 
-1.21 0.103978 
-1.20 0.103115 
-1.19 0.102255 
-1.18 0.101400 
-1.17 0.100548 
-1.16 0.099699 
-1.15 0.098855 
-1.14 0.098013 
-1.13 0.097176 
-1.12 0.096342 
-1.11 0.095512 
-1.10 0.094685 
-1.09 0.093862 
-1.08 0.093043 
-1.07 0.092227 
-1.06 0.091415 
-1.05 0.090607 
-1.04 0.089802 
-1.03 0.089001 
-1.02 0.088203 
-1.01 0.087410 
-1.00 0.086619 
-0.99 0.085833 
-0.98 0.085050 
-0.97 0.084270 
-0.96 0.083495 
-0.95 0.082723 
-0.94 0.081954 
-0.93 0.081190 
-0.92 0.080428 
-0.91 0.079671 
-0.90 0.078917 
-0.89 0.078167 
-0.88 0.077420 
-0.87 0.076677 
-0.86 0.075938 
-0.85 0.075202 
-0.84 0.074470 
-0.83 0.073742 
-0.82 0.073017 
-0.81 0.072296 
-0.80 0.071578 
-0.79 0.070865 
-0.78 0.070154 
-0.77 0.069448 
-0.76 0.068745 
-0.75 0.068046 
-0.74 0.067350 
-0.73 0.066658 
-0.72 0.065969 
-0.71 0.065285 
-0.70 0.064604 
-0.69 0.063926 
-0.68 0.063252 
-0.67 0.062582 
-0.66 0.061915 
-0.65 0.061252 
-0.64 0.060593 
-0.63 0.059937 
-0.62 0.059285 
-0.61 0.058637 
-0.60 0.057992 
-0.59 0.057351 
-0.58 0.056714 
-0.57 0.056080 
-0.56 0.055450 
-0.55 0.054823 
-0.54 0.054200 
-0.53 0.053581 
-0.52 0.052965 
-0.51 0.052353 
-0.50 0.051745 
-0.49 0.051140 
-0.48 0.050539 
-0.47 0.049941 
-0.46 0.049347 
-0.45 0.048757 
-0.44 0.048171 
-0.43 0.047588 
-0.42 0.047008 
-0.41 0.046433 
-0.40 0.045861 
-0.39 0.045292 
-0.38 0.044727 
-0.37 0.044166 
-0.36 0.043609 
-0.35 0.043055 
-0.34 0.042505 
-0.33 0.041958 
-0.32 0.041415 
-0.31 0.040876 
-0.30 0.040340 
-0.29 0.039808 
-0.28 0.039280 
-0.27 0.038755 
-0.26 0.038234 
-0.25 0.037716 
-0.24 0.037203 
-0.23 0.036692 
-0.22 0.036186 
-0.21 0.035683 
-0.20 0.035184 
-0.19 0.034688 
-0.18 0.034196 
-0.17 0.033707 
-0.16 0.033223 
-0.15 0.032742 
-0.14 0.032264 
-0.13 0.031790 
-0.12 0.031320 
-0.11 0.030853 
-0.10 0.030390 
-0.09 0.029931 
-0.08 0.029476 
-0.07 0.029023 
-0.06 0.028575 
-0.05 0.028130 
-0.04 0.027689 
-0.03 0.027252 
-0.02 0.026818 
-0.01 0.026388 
0.00 0.025961 
0.01 0.025538 
0.02 0.025119 
0.03 0.024703 
0.04 0.024291 
0.05 0.023883 
0.06 0.023478 
0.07 0.023077 
0.08 0.022679 
0.09 0.022286 
0.10 0.021895 
0.11 0.021509 
0.12 0.021126 
0.13 0.020747 
0.14 0.020371 
0.15 0.019999 
0.16 0.019630 
0.17 0.019266 
0.18 0.018905 
0.19 0.018547 
0.20 0.018193 
0.21 0.017843 
0.22 0.017496 
0.23 0.017154 
0.24 0.016814 
0.25 0.016479 
0.26 0.016147 
0.27 0.015818 
0.28 0.015493 
0.29 0.015172 
0.30 0.014855 
0.31 0.014541 
0.32 0.014231 
0.33 0.013924 
0.34 0.013621 
0.35 0.013322 
0.36 0.013026 
0.37 0.012734 
0.38 0.012446 
0.39 0.012161 
0.40 0.011880 
0.41 0.011603 
0.42 0.011329 
0.43 0.011059 
0.44 0.010792 
0.45 0.010529 
0.46 0.010270 
0.47 0.010014 
0.48 0.009762 
0.49 0.009514 
0.50 0.009269 
0.51 0.009028 
0.52 0.008790 
0.53 0.008556 
0.54 0.008326 
0.55 0.008100 
0.56 0.007877 
0.57 0.007657 
0.58 0.007442 
0.59 0.007230 
0.60 0.007021 
0.61 0.006817 
0.62 0.006616 
0.63 0.006418 
0.64 0.006224 
0.65 0.006034 
0.66 0.005847 
0.67 0.005665 
0.68 0.005485 
0.69 0.005310 
0.70 0.005138 
0.71 0.004969 
0.72 0.004804 
0.73 0.004643 
0.74 0.004486 
0.75 0.004332 
0.76 0.004182 
0.77 0.004035 
0.78 0.003892 
0.79 0.003753 
0.80 0.003617 
0.81 0.003485 
0.82 0.003357 
0.83 0.003232 
0.84 0.003111 
0.85 0.002994 
0.86 0.002880 
0.87 0.002770 
0.88 0.002663 
0.89 0.002560 
0.90 0.002461 
0.91 0.002365 
0.92 0.002273 
0.93 0.002185 
0.94 0.002100 
0.95 0.002019 
0.96 0.001942 
0.97 0.001868 
0.98 0.001797 
0.99 0.001731 
1.00 0.001668 
1.01 0.001609 
1.02 0.001553 
1.03 0.001501 
1.04 0.001453 
1.05 0.001408 
1.06 0.001367 
1.07 0.001329 
1.08 0.001296 
1.09 0.001265 
1.10 0.001239 
1.11 0.001216 
1.12 0.001197 
1.13 0.001181 
1.14 0.001169 
1.15 0.001161 
1.16 0.001156 
1.17 0.001155 
1.18 0.001157 
1.19 0.001163 
1.20 0.001173 
1.21 0.001187 
1.22 0.001204 
1.23 0.001224 
1.24 0.001249 
1.25 0.001277 
1.26 0.001308 
1.27 0.001344 
1.28 0.001383 
1.29 0.001425 
1.30 0.001471 
1.31 0.001521 
1.32 0.001575 
1.33 0.001632 
1.34 0.001692 
1.35 0.001757 
1.36 0.001825 
1.37 0.001896 
1.38 0.001972 
1.39 0.002050 
1.40 0.002133 
1.41 0.002219 
1.42 0.002309 
1.43 0.002402 
1.44 0.002499 
1.45 0.002600 
1.46 0.002705 
1.47 0.002813 
1.48 0.002924 
1.49 0.003039 
1.50 0.003158 
1.51 0.003281 
1.52 0.003407 
1.53 0.003537 
1.54 0.003670 
1.55 0.003807 
1.56 0.003948 
1.57 0.004092 
1.58 0.004240 
1.59 0.004392 
1.60 0.004547 
1.61 0.004706 
1.62 0.004869 
1.63 0.005035 
1.64 0.005205 
1.65 0.005378 
1.66 0.005555 
1.67 0.005736 
1.68 0.005920 
1.69 0.006108 
1.70 0.006300 
1.71 0.006495 
1.72 0.006694 
1.73 0.006897 
1.74 0.007103 
1.75 0.007313 
1.76 0.007526 
1.77 0.007743 
1.78 0.007964 
1.79 0.008188 
1.80 0.008416 
1.81 0.008648 
1.82 0.008883 
1.83 0.009122 
1.84 0.009365 
1.85 0.009611 
1.86 0.009861 
1.87 0.010114 
1.88 0.010371 
1.89 0.010632 
1.90 0.010896 
1.91 0.011164 
1.92 0.011436 
1.93 0.011711 
1.94 0.011990 
1.95 0.012273 
1.96 0.012559 
1.97 0.012849 
1.98 0.013142 
1.99 0.013439 
2.00 0.013740 
2.01 0.014044 
2.02 0.014352 
2.03 0.014664 
2.04 0.014979 
2.05 0.015298 
2.06 0.015621 
2.07 0.015947 
2.08 0.016277 
2.09 0.016610 
2.10 0.016947 
2.11 0.017288 
2.12 0.017632 
2.13 0.017980 
2.14 0.018332 
2.15 0.018687 
2.16 0.019046 
2.17 0.019409 
2.18 0.019775 
2.19 0.020145 
2.20 0.020518 
2.21 0.020895 
2.22 0.021276 
2.23 0.021660 
2.24 0.022048 
2.25 0.022440 
2.26 0.022835 
2.27 0.023234 
2.28 0.023637 
2.29 0.024043 
2.30 0.024453 
2.31 0.024866 
2.32 0.025283 
2.33 0.025704 
2.34 0.026128 
2.35 0.026556 
2.36 0.026988 
2.37 0.027423 
2.38 0.027862 
2.39 0.028305 
2.40 0.028751 
2.41 0.029201 
2.42 0.029654 
2.43 0.030111 
2.44 0.030572 
2.45 0.031037 
2.46 0.031505 
2.47 0.031976 
2.48 0.032451 
2.49 0.032930 
2.50 0.033413 
2.51 0.033899 
2.52 0.034389 
2.53 0.034882 
2.54 0.035379 
2.55 0.035880 
2.56 0.036385 
2.57 0.036893 
2.58 0.037404 
2.59 0.037920 
2.60 0.038438 
2.61 0.038961 
2.62 0.039487 
2.63 0.040017 
2.64 0.040550 
2.65 0.041088 
2.66 0.041628 
2.67 0.042173 
2.68 0.042721 
2.69 0.043272 
2.70 0.043828 
2.71 0.044387 
2.72 0.044949 
2.73 0.045515 
2.74 0.046085 
2.75 0.046659 
2.76 0.047236 
2.77 0.047816 
2.78 0.048401 
2.79 0.048989 
2.80 0.049580 
2.81 0.050176 
2.82 0.050775 
2.83 0.051377 
2.84 0.051983 
2.85 0.052593 
2.86 0.053207 
2.87 0.053824 
2.88 0.054445 
2.89 0.055069 
2.90 0.055697 
2.91 0.056329 
2.92 0.056964 
2.93 0.057603 
2.94 0.058245 
2.95 0.058892 
2.96 0.059541 
2.97 0.060195 
2.98 0.060852 
2.99 0.061513 
3.00 0.062177 
3.01 0.062845 
3.02 0.063517 
3.03 0.064192 
3.04 0.064871 
3.05 0.065554 
3.06 0.066240 
3.07 0.066930 
3.08 0.067623 
3.09 0.068320 
3.10 0.069021 
3.11 0.069725 
3.12 0.070433 
3.13 0.071145 
3.14 0.071860 
3.15 0.072579 
3.16 0.073302 
3.17 0.074028 
3.18 0.074758 
3.19 0.075491 
3.20 0.076228 
3.21 0.076969 
3.22 0.077713 
3.23 0.078461 
3.24 0.079213 
3.25 0.079968 
3.26 0.080727 
3.27 0.081490 
3.28 0.082256 
3.29 0.083026 
3.30 0.083799 
3.31 0.084577 
3.32 0.085357 
3.33 0.086142 
3.34 0.086930 
3.35 0.087721 
3.36 0.088517 
3.37 0.089316 
3.38 0.090118 
3.39 0.090924 
3.40 0.091734 
3.41 0.092548 
3.42 0.093365 
3.43 0.094186 
3.44 0.095010 
3.45 0.095838 
3.46 0.096670 
3.47 0.097505 
3.48 0.098344 
3.49 0.099186 
3.50 0.100033 
3.51 0.100882 
3.52 0.101736 
3.53 0.102593 
3.54 0.103454 
3.55 0.104318 
3.56 0.105186 
3.57 0.106058 
3.58 0.106933 
3.59 0.107812 
3.60 0.108695 
3.61 0.109581 
3.62 0.110471 
3.63 0.111364 
3.64 0.112261 
3.65 0.113162 
3.66 0.114066 
3.67 0.114974 
3.68 0.115886 
3.69 0.116801 
3.70 0.117720 
3.71 0.118643 
3.72 0.119569 
3.73 0.120499 
3.74 0.121432 
3.75 0.122370 
3.76 0.123310 
3.77 0.124255 
3.78 0.125203 
3.79 0.126154 
3.80 0.127110 
3.81 0.128069 
3.82 0.129031 
3.83 0.129997 
3.84 0.130967 
3.85 0.131941 
3.86 0.132918 
3.87 0.133899 
3.88 0.134883 
3.89 0.135871 
3.90 0.136863 
3.91 0.137858 
3.92 0.138857 
3.93 0.139859 
3.94 0.140866 
3.95 0.141876 
3.96 0.142889 
3.97 0.143906 
3.98 0.144927 
3.99 0.145951 
4.00 0.146979 
4.01 0.148011 
4.02 0.149046 
4.03 0.150085 
4.04 0.151128 
4.05 0.152174 
4.06 0.153224 
4.07 0.154277 
4.08 0.155334 
4.09 0.156395 
4.10 0.157460 
4.11 0.158528 
4.12 0.159599 
4.13 0.160675 
4.14 0.161754 
4.15 0.162836 
4.16 0.163922 
4.17 0.165012 
4.18 0.166106 
4.19 0.167203 
4.20 0.168304 
4.21 0.169408 
4.22 0.170516 
4.23 0.171628 
4.24 0.172743 
4.25 0.173862 
4.26 0.174984 
4.27 0.176111 
4.28 0.177241 
4.29 0.178374 
4.30 0.179511 
4.31 0.180652 
4.32 0.181796 
4.33 0.182944 
4.34 0.184096 
4.35 0.185251 
4.36 0.186410 
4.37 0.187573 
4.38 0.188739 
4.39 0.189909 
4.40 0.191082 
4.41 0.192260 
4.42 0.193440 
4.43 0.194625 
4.44 0.195813 
4.45 0.197004 
4.46 0.198200 
4.47 0.199399 
4.48 0.200601 
4.49 0.201807 
4.50 0.203017 
4.51 0.204231 
4.52 0.205448 
4.53 0.206669 
4.54 0.207893 
4.55 0.209121 
4.56 0.210353 
4.57 0.211588 
4.58 0.212827 
4.59 0.214070 
4.60 0.215316 
4.61 0.216566 
4.62 0.217819 
4.63 0.219076 
4.64 0.220337 
4.65 0.221602 
4.66 0.222870 
4.67 0.224141 
4.68 0.225417 
4.69 0.226695 
4.70 0.227978 
4.71 0.229264 
4.72 0.230554 
4.73 0.231848 
4.74 0.233145 
4.75 0.234446 
4.76 0.235750 
4.77 0.237058 
4.78 0.238370 
4.79 0.239685 
4.80 0.241004 
4.81 0.242327 
4.82 0.243653 
4.83 0.244983 
4.84 0.246316 
4.85 0.247653 
4.86 0.248994 
4.87 0.250338 
4.88 0.251686 
4.89 0.253038 
4.90 0.254393 
4.91 0.255752 
4.92 0.257115 
4.93 0.258481 
4.94 0.259851 
4.95 0.261225 
4.96 0.262602 
4.97 0.263982 
4.98 0.265367 
4.99 0.266755 
5.00 0.268147 
5.01 0.269542 
5.02 0.270941 
5.03 0.272343 
5.04 0.273750 
5.05 0.275160 
5.06 0.276573 
5.07 0.277990 
5.08 0.279411 
5.09 0.280835 
5.10 0.282263 
5.11 0.283695 
5.12 0.285130 
5.13 0.286569 
5.14 0.288012 
5.15 0.289458 
5.16 0.290908 
5.17 0.292362 
5.18 0.293819 
5.19 0.295279 
5.20 0.296744 
5.21 0.298212 
5.22 0.299684 
5.23 0.301159 
5.24 0.302638 
5.25 0.304120 
5.26 0.305607 
5.27 0.307097 
5.28 0.308590 
5.29 0.310087 
5.30 0.311588 
5.31 0.313092 
5.32 0.314600 
5.33 0.316112 
5.34 0.317627 
5.35 0.319146 
5.36 0.320669 
5.37 0.322195 
5.38 0.323725 
5.39 0.325259 
5.40 0.326796 
5.41 0.328337 
5.42 0.329881 
5.43 0.331429 
5.44 0.332981 
5.45 0.334536 
5.46 0.336095 
5.47 0.337658 
5.48 0.339224 
5.49 0.340794 
5.50 0.342367 
5.51 0.343944 
5.52 0.345525 
5.53 0.347109 
5.54 0.348698 
5.55 0.350289 
5.56 0.351885 
5.57 0.353484 
5.58 0.355086 
5.59 0.356692 
5.60 0.358302 
5.61 0.359916 
5.62 0.361533 
5.63 0.363154 
5.64 0.364778 
5.65 0.366406 
5.66 0.368038 
5.67 0.369673 
5.68 0.371312 
5.69 0.372955 
5.70 0.374601 
5.71 0.376251 
5.72 0.377904 
5.73 0.379561 
5.74 0.381222 
5.75 0.382887 
5.76 0.384555 
5.77 0.386226 
5.78 0.387902 
5.79 0.389581 
5.80 0.391263 
5.81 0.392950 
5.82 0.394639 
5.83 0.396333 
5.84 0.398030 
5.85 0.399731 
5.86 0.401435 
5.87 0.403143 
5.88 0.404855 
5.89 0.406570 
5.90 0.408289 
5.91 0.410012 
5.92 0.411738 
5.93 0.413468 
5.94 0.415202 
5.95 0.416939 
5.96 0.418679 
5.97 0.420424 
5.98 0.422172 
5.99 0.423924 
6.00 0.425679 
